3,2
3,1
3,3
10,266
10,22
10,256
10,226
10,304
10,192
10,172
10,1
10,242
10,2
10,3
11,8
11,10
11,16
11,2
11,3
9,7
9,2
9,3
8,14
8,7
8,18
8,15
8,12
8,8
35,3
34,28
34,17
34,16
34,15
34,13
34,12
34,11
34,10
34,9
34,8
34,5
34,4
34,3
34,1
33,136
33,135
33,134
33,133
33,132
33,131
33,130
33,129
33,128
33,127
33,126
33,125
33,124
33,123
33,122
33,121
33,120
33,119
33,118
33,117
33,116
33,115
33,114
33,113
33,112
33,111
33,110
33,109
33,108
33,107
33,106
33,105
33,104
33,103
33,102
33,101
33,100
33,99
33,98
33,97
33,96
33,95
33,94
33,93
33,92
33,91
33,90
33,89
33,88
33,87
33,86
33,85
33,84
33,83
33,82
33,81
33,80
33,79
33,78
33,77
33,76
33,75
33,74
33,73
33,72
33,71
33,70
33,69
33,68
33,67
33,66
33,65
33,64
33,40
33,39
33,38
33,32
33,31
33,30
33,28
33,27
33,6
